172.5

P[1]		5		100		105

P[2]		11		20		31

P[3]		238		80		318

P[4]		254		20		274

P[5]		330		140		470

P[6]		637		220		857

P[7]		1042		360		1402

P[8]		1163		120		1283

P[9]		1364		170		1534

P[10]		1404		170		1574

P[11]		1737		180		1917

P[12]		1885		40		1925

P[13]		2149		190		2339

P[14]		2230		330		2560

P[15]		2273		360		2633

P[16]		2327		200		2527

P[17]		2441		190		2631

P[18]		2498		110		2608

P[19]		2875		250		3125

P[20]		2954		200		3154


Average Waiting Time: 172

Average Turnaround Time: 1663
