First Come, First Served:
clock   job #   run     remain  resp    t. resp wait    t. wait ta      t. ta   ready queue
5       0       100     0       0       0       0       0       100     100     1 (20)
105     1       20      0       94      94      94      94      114     214     2 (80)
238     2       80      0       0       94      0       94      80      294     3 (20)
318     3       20      0       64      158     64      158     84      378     4 (140)
338     4       140     0       8       166     8       166     148     526     5 (220)
637     5       220     0       0       166     0       166     220     746     6 (360)
1042    6       360     0       0       166     0       166     360     1106    7 (120),8 (170)
1402    7       120     0       239     405     239     405     359     1465    8 (170),9 (170)
1522    8       170     0       158     563     158     563     328     1793    9 (170)
1692    9       170     0       288     851     288     851     458     2251    10 (180)
1862    10      180     0       125     976     125     976     305     2556    11 (40)
2042    11      40      0       157     1133    157     1133    197     2753    12 (190)
2149    12      190     0       0       1133    0       1133    190     2943    13 (330),14 (360),15 (200)
2339    13      330     0       109     1242    109     1242    439     3382    14 (360),15 (200),16 (190),17 (110)
2669    14      360     0       396     1638    396     1638    756     4138    15 (200),16 (190),17 (110),18 (250),19 (200)
3029    15      200     0       702     2340    702     2340    902     5040    16 (190),17 (110),18 (250),19 (200)
3229    16      190     0       788     3128    788     3128    978     6018    17 (110),18 (250),19 (200)
3419    17      110     0       921     4049    921     4049    1031    7049    18 (250),19 (200)
3529    18      250     0       654     4703    654     4703    904     7953    19 (200)
3779    19      200     0       825     5528    825     5528    1025    8978
Avg. Resp.:276.40, Avg. T.A.:448.90, Avg. Wait:276.40
Shortest Job First:
clock   job #   run     remain  resp    t. resp wait    t. wait ta      t. ta   ready queue
5       0       100     0       0       0       0       0       100     100     1 (20)
105     1       20      0       94      94      94      94      114     214     2 (80)
238     2       80      0       0       94      0       94      80      294     3 (20)
318     3       20      0       64      158     64      158     84      378     4 (140)
338     4       140     0       8       166     8       166     148     526     5 (220)
637     5       220     0       0       166     0       166     220     746     6 (360)
1042    6       360     0       0       166     0       166     360     1106    7 (120),8 (170)
1402    7       120     0       239     405     239     405     359     1465    8 (170),9 (170)
1522    8       170     0       158     563     158     563     328     1793    9 (170)
1692    9       170     0       288     851     288     851     458     2251    10 (180)
1862    10      180     0       125     976     125     976     305     2556    11 (40)
2042    11      40      0       157     1133    157     1133    197     2753    12 (190)
2149    12      190     0       0       1133    0       1133    190     2943    13 (330),14 (360),15 (200)
2339    15      200     0       12      1145    12      1145    212     3155    13 (330),14 (360),16 (190),17 (110)
2539    17      110     0       41      1186    41      1186    151     3306    13 (330),14 (360),16 (190)
2649    16      190     0       208     1394    208     1394    398     3704    13 (330),14 (360)
2839    13      330     0       609     2003    609     2003    939     4643    14 (360),18 (250),19 (200)
3169    19      200     0       215     2218    215     2218    415     5058    14 (360),18 (250)
3369    18      250     0       494     2712    494     2712    744     5802    14 (360)
3619    14      360     0       1346    4058    1346    4058    1706    7508
Avg. Resp.:202.90, Avg. T.A.:375.40, Avg. Wait:202.90
Shortest Run Time First:
clock   job #   run     remain  resp    t. resp wait    t. wait ta      t. ta   ready queue
5       0       6       94                                                      1 (20),0 (94)
11      1       20      0       0       0       0       0       20      20      0 (94)
31      0       94      0       0       0       20      20      120     140     2 (80)
238     2       16      64                                                      3 (20),2 (64)
254     3       20      0       0       0       0       20      20      160     2 (64)
274     2       56      8                                                       4 (140),2 (8)
330     2       8       0       0       0       20      40      100     260     4 (140)
338     4       140     0       8       8       8       48      148     408     5 (220)
637     5       220     0       0       8       0       48      220     628     6 (360)
1042    6       121     239                                                     7 (120),6 (239)
1163    7       120     0       0       8       0       48      120     748     6 (239)
1283    6       81      158                                                     8 (170),6 (158)
1364    6       40      118                                                     8 (170),9 (170),6 (118)
1404    6       118     0       0       8       120     168     480     1228    8 (170),9 (170)
1522    8       170     0       158     166     158     326     328     1556    9 (170)
1692    9       45      125                                                     10 (180),9 (125)
1737    9       125     0       288     454     288     614     458     2014    10 (180)
1862    10      23      157                                                     11 (40),10 (157)
1885    11      40      0       0       454     0       614     40      2054    10 (157)
1925    10      157     0       125     579     165     779     345     2399    12 (190)
2149    12      81      109                                                     13 (330),12 (109)
2230    12      43      66                                                      13 (330),14 (360),12 (66)
2273    12      54      12                                                      13 (330),14 (360),15 (200),12 (12)
2327    12      12      0       0       579     0       779     190     2589    13 (330),14 (360),15 (200)
2339    15      102     98                                                      13 (330),14 (360),16 (190),15 (98)
2441    15      57      41                                                      13 (330),14 (360),16 (190),17 (110),15 (41)
2498    15      41      0       12      591     12      791     212     2801    13 (330),14 (360),16 (190),17 (110)
2539    17      110     0       41      632     41      832     151     2952    13 (330),14 (360),16 (190)
2649    16      190     0       208     840     208     1040    398     3350    13 (330),14 (360)
2839    13      36      294                                                     14 (360),18 (250),13 (294)
2875    18      79      171                                                     14 (360),13 (294),19 (200),18 (171)
2954    18      171     0       0       840     0       1040    250     3600    14 (360),13 (294),19 (200)
3125    19      200     0       171     1011    171     1211    371     3971    14 (360),13 (294)
3325    13      294     0       609     1620    1059    2270    1389    5360    14 (360)
3619    14      360     0       1346    2966    1346    3616    1706    7066
Avg. Resp.:148.30, Avg. T.A.:353.30, Avg. Wait:180.80
Round Robin with 100 Time Quantum:
clock   job #   run     remain  resp    t. resp wait    t. wait ta      t. ta   ready queue
5       0       100     0       0       0       0       0       100     100     1 (20)
105     1       20      0       94      94      94      94      114     214     2 (80)
238     2       80      0       0       94      0       94      80      294     3 (20)
318     3       20      0       64      158     64      158     84      378     4 (140)
338     4       100     40                                                      4 (40)
438     4       40      0       8       166     8       166     148     526     5 (220)
637     5       100     120                                                     5 (120)
737     5       100     20                                                      5 (20)
837     5       20      0       0       166     0       166     220     746     6 (360)
1042    6       100     260                                                     6 (260)
1142    6       100     160                                                     7 (120),6 (160)
1242    7       100     20                                                      6 (160),7 (20)
1342    6       100     60                                                      7 (20),8 (170),9 (170),6 (60)
1442    7       20      0       79      245     179     345     299     1045    8 (170),9 (170),6 (60)
1462    8       100     70                                                      9 (170),6 (60),8 (70)
1562    9       100     70                                                      6 (60),8 (70),9 (70)
1662    6       60      0       0       245     320     665     680     1725    8 (70),9 (70)
1722    8       70      0       98      343     258     923     428     2153    9 (70),10 (180)
1792    9       70      0       158     501     288     1211    458     2611    10 (180)
1862    10      100     80                                                      11 (40),10 (80)
1962    11      40      0       77      578     77      1288    117     2728    10 (80)
2002    10      80      0       125     703     165     1453    345     3073    12 (190)
2149    12      100     90                                                      13 (330),12 (90)
2249    13      100     230                                                     12 (90),14 (360),15 (200),13 (230)
2349    12      90      0       0       703     100     1553    290     3363    14 (360),15 (200),13 (230)
2439    14      100     260                                                     15 (200),13 (230),16 (190),17 (110),14 (260)
2539    15      100     100                                                     13 (230),16 (190),17 (110),14 (260),15 (100)
2639    13      100     130                                                     16 (190),17 (110),14 (260),15 (100),13 (130)
2739    16      100     90                                                      17 (110),14 (260),15 (100),13 (130),16 (90)
2839    17      100     10                                                      14 (260),15 (100),13 (130),16 (90),18 (250),17 (10)
2939    14      100     160                                                     15 (100),13 (130),16 (90),18 (250),17 (10),19 (200),14 (160)
3039    15      100     0       212     915     612     2165    812     4175    13 (130),16 (90),18 (250),17 (10),19 (200),14 (160)
3139    13      100     30                                                      16 (90),18 (250),17 (10),19 (200),14 (160),13 (30)
3239    16      90      0       298     1213    698     2863    888     5063    18 (250),17 (10),19 (200),14 (160),13 (30)
3329    18      100     150                                                     17 (10),19 (200),14 (160),13 (30),18 (150)
3429    17      10      0       341     1554    831     3694    941     6004    19 (200),14 (160),13 (30),18 (150)
3439    19      100     100                                                     14 (160),13 (30),18 (150),19 (100)
3539    14      100     60                                                      13 (30),18 (150),19 (100),14 (60)
3639    13      30      0       19      1573    1109    4803    1439    7443    18 (150),19 (100),14 (60)
3669    18      100     50                                                      19 (100),14 (60),18 (50)
3769    19      100     0       485     2058    715     5518    915     8358    14 (60),18 (50)
3869    14      60      0       166     2224    1296    6814    1656    10014   18 (50)
3929    18      50      0       454     2678    854     7668    1104    11118
Avg. Resp.:133.90, Avg. T.A.:555.90, Avg. Wait:383.40